0.0511702 0.5 -0.0511702 0.398157 0
0.0579566 0.51357 -0.0579566 0.398137 0.01
0.0647622 0.527138 -0.0647622 0.398077 0.02
0.0715863 0.540704 -0.0715863 0.397978 0.03
0.0784283 0.554266 -0.0784283 0.397839 0.04
0.0852874 0.567822 -0.0852874 0.397659 0.05
0.092163 0.581372 -0.092163 0.397441 0.06
0.0990543 0.594913 -0.0990543 0.397182 0.07
0.105961 0.608445 -0.105961 0.396884 0.08
0.112882 0.621966 -0.112882 0.396546 0.09
0.119816 0.635475 -0.119816 0.396168 0.1
0.126764 0.64897 -0.126764 0.395751 0.11
0.133724 0.66245 -0.133724 0.395294 0.12
0.140695 0.675915 -0.140695 0.394797 0.13
0.147678 0.689361 -0.147678 0.394261 0.14
0.154671 0.702789 -0.154671 0.393686 0.15
0.161673 0.716196 -0.161673 0.393071 0.16
0.168684 0.729582 -0.168684 0.392417 0.17
0.175703 0.742945 -0.175703 0.391724 0.18
0.18273 0.756283 -0.18273 0.390992 0.19
0.189763 0.769596 -0.189763 0.39022 0.2
0.196802 0.782882 -0.196802 0.38941 0.21
0.203847 0.796139 -0.203847 0.38856 0.22
0.210897 0.809367 -0.210897 0.387672 0.23
0.21795 0.822564 -0.21795 0.386745 0.24
0.225006 0.835729 -0.225006 0.385779 0.25
0.232065 0.84886 -0.232065 0.384775 0.26
0.239126 0.861957 -0.239126 0.383732 0.27
0.246188 0.875017 -0.246188 0.382651 0.28
0.25325 0.888039 -0.25325 0.381532 0.29
0.260312 0.901023 -0.260312 0.380374 0.3
0.267373 0.913967 -0.267373 0.379178 0.31
0.274432 0.926869 -0.274432 0.377945 0.32
0.281488 0.939729 -0.281488 0.376673 0.33
0.288542 0.952545 -0.288542 0.375364 0.34
0.295592 0.965315 -0.295592 0.374018 0.35
0.302637 0.978039 -0.302637 0.372634 0.36
0.309677 0.990715 -0.309677 0.371213 0.37
0.31671 1.00334 -0.31671 0.369754 0.38
0.323738 1.01592 -0.323738 0.368259 0.39
0.330757 1.02844 -0.330757 0.366727 0.4
0.337769 1.04092 -0.337769 0.365158 0.41
0.344772 1.05333 -0.344772 0.363553 0.42
0.351766 1.0657 -0.351766 0.361911 0.43
0.358749 1.078 -0.358749 0.360233 0.44
0.365721 1.09025 -0.365721 0.358519 0.45
0.372682 1.10244 -0.372682 0.35677 0.46
0.379631 1.11457 -0.379631 0.354984 0.47
0.386567 1.12664 -0.386567 0.353163 0.48
0.393489 1.13864 -0.393489 0.351307 0.49
0.400396 1.15058 -0.400396 0.349416 0.5
0.407289 1.16246 -0.407289 0.347489 0.51
0.414166 1.17427 -0.414166 0.345528 0.52
0.421026 1.18601 -0.421026 0.343533 0.53
0.42787 1.19769 -0.42787 0.341503 0.54
0.434695 1.20929 -0.434695 0.339439 0.55
0.441502 1.22082 -0.441502 0.337341 0.56
0.44829 1.23229 -0.44829 0.335209 0.57
0.455058 1.24367 -0.455058 0.333043 0.58
0.461806 1.25499 -0.461806 0.330845 0.59
0.468532 1.26622 -0.468532 0.328613 0.6
0.475237 1.27739 -0.475237 0.326349 0.61
0.481919 1.28847 -0.481919 0.324051 0.62
0.488578 1.29947 -0.488578 0.321722 0.63
0.495213 1.3104 -0.495213 0.31936 0.64
0.501823 1.32124 -0.501823 0.316966 0.65
0.508409 1.332 -0.508409 0.314541 0.66
0.514968 1.34268 -0.514968 0.312084 0.67
0.521501 1.35328 -0.521501 0.309596 0.68
0.528007 1.36379 -0.528007 0.307077 0.69
0.534485 1.37421 -0.534485 0.304527 0.7
0.540934 1.38454 -0.540934 0.301947 0.71
0.547355 1.39479 -0.547355 0.299337 0.72
0.553746 1.40495 -0.553746 0.296696 0.73
0.560106 1.41501 -0.560106 0.294026 0.74
0.566435 1.42499 -0.566435 0.291327 0.75
0.572733 1.43487 -0.572733 0.288599 0.76
0.578998 1.44466 -0.578998 0.285841 0.77
0.585231 1.45436 -0.585231 0.283055 0.78
0.59143 1.46396 -0.59143 0.280241 0.79
0.597595 1.47346 -0.597595 0.277399 0.8
0.603725 1.48286 -0.603725 0.274529 0.81
0.60982 1.49217 -0.60982 0.271631 0.82
0.615879 1.50138 -0.615879 0.268707 0.83
0.621901 1.51049 -0.621901 0.265755 0.84
0.627886 1.51949 -0.627886 0.262777 0.85
0.633833 1.5284 -0.633833 0.259773 0.86
0.639742 1.5372 -0.639742 0.256742 0.87
0.645612 1.5459 -0.645612 0.253686 0.88
0.651442 1.55449 -0.651442 0.250605 0.89
0.657232 1.56298 -0.657232 0.247498 0.9
0.662981 1.57136 -0.662981 0.244367 0.91
0.668689 1.57964 -0.668689 0.241212 0.92
0.674356 1.5878 -0.674356 0.238032 0.93
0.67998 1.59586 -0.67998 0.234828 0.94
0.68556 1.60381 -0.68556 0.231601 0.95
0.691098 1.61165 -0.691098 0.228351 0.96
0.696591 1.61938 -0.696591 0.225078 0.97
0.702039 1.62699 -0.702039 0.221782 0.98
0.707442 1.63449 -0.707442 0.218465 0.99
1.64046 1.64188 0.214856 0.215125 1
1.64772 1.64916 0.2115 0.211764 1.01
1.65487 1.65632 0.208122 0.208382 1.02
1.66191 1.66336 0.204723 0.204979 1.03
1.66883 1.67029 0.201303 0.201555 1.04
1.67563 1.6771 0.197864 0.198111 1.05
1.68231 1.68379 0.194405 0.194648 1.06
1.68888 1.69037 0.190926 0.191165 1.07
1.69533 1.69682 0.187428 0.187663 1.08
1.70166 1.70316 0.183912 0.184142 1.09
1.70786 1.70938 0.180377 0.180602 1.1
1.71395 1.71547 0.176824 0.177045 1.11
1.71992 1.72144 0.173253 0.17347 1.12
1.72576 1.72729 0.169665 0.169878 1.13
1.73148 1.73302 0.16606 0.166268 1.14
1.73708 1.73863 0.162439 0.162642 1.15
1.74256 1.74411 0.158801 0.159 1.16
1.74791 1.74947 0.155148 0.155342 1.17
1.75313 1.7547 0.151478 0.151668 1.18
1.75823 1.7598 0.147794 0.147979 1.19
1.7632 1.76478 0.144095 0.144275 1.2
1.76805 1.76964 0.140382 0.140557 1.21
1.77277 1.77437 0.136654 0.136825 1.22
1.77737 1.77896 0.132913 0.133079 1.23
1.78183 1.78344 0.129158 0.12932 1.24
1.78617 1.78778 0.125391 0.125548 1.25
1.79038 1.79199 0.121611 0.121763 1.26
1.79446 1.79608 0.117819 0.117966 1.27
1.79841 1.80004 0.114015 0.114158 1.28
1.80223 1.80386 0.1102 0.110338 1.29
1.80592 1.80756 0.106373 0.106507 1.3
1.80948 1.81112 0.102537 0.102665 1.31
1.81291 1.81455 0.0986894 0.0988128 1.32
1.81621 1.81786 0.0948323 0.0949509 1.33
1.81938 1.82103 0.0909658 0.0910795 1.34
1.82241 1.82406 0.0870901 0.0871991 1.35
1.82531 1.82697 0.0832058 0.0833098 1.36
1.82808 1.82974 0.0793131 0.0794123 1.37
1.83072 1.83238 0.0754125 0.0755068 1.38
1.83322 1.83489 0.0715044 0.0715938 1.39
1.83559 1.83726 0.0675891 0.0676736 1.4
1.83783 1.8395 0.063667 0.0637467 1.41
1.83993 1.84161 0.0597386 0.0598133 1.42
1.8419 1.84358 0.0558042 0.055874 1.43
1.84374 1.84542 0.0518642 0.0519291 1.44
1.84544 1.84712 0.0479191 0.047979 1.45
1.847 1.84869 0.0439691 0.0440241 1.46
1.84843 1.85012 0.0400148 0.0400648 1.47
1.84973 1.85142 0.0360564 0.0361015 1.48
1.85089 1.85258 0.0320945 0.0321346 1.49
1.85192 1.85361 0.0281293 0.0281645 1.5
1.85281 1.8545 0.0241614 0.0241916 1.51
1.85356 1.85526 0.020191 0.0202162 1.52
1.85419 1.85588 0.0162186 0.0162388 1.53
1.85467 1.85636 0.0122445 0.0122598 1.54
1.85502 1.85671 0.00826926 0.00827961 1.55
1.85523 1.85693 0.00429318 0.00429855 1.56
1.85531 1.85701 0.000316667 0.000317063 1.57
1.85526 1.85695 -0.00365988 -0.00366446 1.58
1.85506 1.85676 -0.00763606 -0.00764561 1.59
1.85473 1.85643 -0.0116115 -0.011626 1.6
1.85427 1.85597 -0.0155857 -0.0156052 1.61
1.85367 1.85537 -0.0195584 -0.0195829 1.62
1.85294 1.85463 -0.0235292 -0.0235586 1.63
1.85207 1.85376 -0.0274975 -0.0275319 1.64
1.85106 1.85275 -0.0314632 -0.0315025 1.65
1.84992 1.85161 -0.0354257 -0.03547 1.66
1.84865 1.85034 -0.0393846 -0.0394339 1.67
1.84724 1.84892 -0.0433396 -0.0433938 1.68
1.8457 1.84738 -0.0472903 -0.0473495 1.69
1.84402 1.8457 -0.0512363 -0.0513003 1.7
1.8422 1.84388 -0.0551771 -0.0552461 1.71
1.84026 1.84193 -0.0591124 -0.0591863 1.72
1.83817 1.83985 -0.0630418 -0.0631206 1.73
1.83596 1.83763 -0.0669649 -0.0670486 1.74
1.83361 1.83528 -0.0708813 -0.0709699 1.75
1.83113 1.83279 -0.0747906 -0.0748841 1.76
1.82851 1.83017 -0.0786924 -0.0787908 1.77
1.82576 1.82742 -0.0825864 -0.0826896 1.78
1.82288 1.82454 -0.0864721 -0.0865802 1.79
1.81987 1.82152 -0.0903491 -0.0904621 1.8
1.81672 1.81837 -0.0942171 -0.094335 1.81
1.81345 1.81509 -0.0980757 -0.0981984 1.82
1.81004 1.81168 -0.101925 -0.102052 1.83
1.8065 1.80813 -0.105763 -0.105895 1.84
1.80283 1.80446 -0.109591 -0.109728 1.85
1.79903 1.80065 -0.113408 -0.11355 1.86
1.7951 1.79672 -0.117214 -0.117361 1.87
1.79104 1.79265 -0.121008 -0.121159 1.88
1.78685 1.78846 -0.12479 -0.124946 1.89
1.78253 1.78414 -0.128559 -0.12872 1.9
1.77809 1.77969 -0.132316 -0.132481 1.91
1.77351 1.77511 -0.136059 -0.136229 1.92
1.76881 1.7704 -0.139789 -0.139964 1.93
1.76399 1.76557 -0.143505 -0.143684 1.94
1.75903 1.76061 -0.147206 -0.14739 1.95
1.75395 1.75552 -0.150893 -0.151081 1.96
1.74875 1.75031 -0.154564 -0.154758 1.97
1.74342 1.74497 -0.15822 -0.158418 1.98
1.73796 1.73951 -0.161861 -0.162063 1.99
1.73238 1.73392 -0.165485 -0.165692 2
1.72668 1.72822 -0.169092 -0.169304 2.01
1.72086 1.72238 -0.172683 -0.172899 2.02
1.71491 1.71643 -0.176256 -0.176477 2.03
1.70884 1.71035 -0.179812 -0.180037 2.04
1.70265 1.70416 -0.18335 -0.183579 2.05
1.69634 1.69784 -0.186869 -0.187103 2.06
1.68992 1.6914 -0.19037 -0.190608 2.07
1.68337 1.68485 -0.193852 -0.194094 2.08
1.6767 1.67817 -0.197314 -0.197561 2.09
1.66992 1.67138 -0.200757 -0.201008 2.1
1.66302 1.66447 -0.204179 -0.204435 2.11
1.656 1.65745 -0.207582 -0.207841 2.12
1.64887 1.65031 -0.210963 -0.211227 2.13
0.713649 1.64305 0.713649 -0.214591 2.14
0.708299 1.63568 0.708299 -0.217934 2.15
0.702903 1.62819 0.702903 -0.221256 2.16
0.697461 1.6206 0.697461 -0.224555 2.17
0.691975 1.61289 0.691975 -0.227831 2.18
0.686445 1.60507 0.686445 -0.231085 2.19
0.680871 1.59714 0.680871 -0.234316 2.2
0.675254 1.5891 0.675254 -0.237523 2.21
0.669595 1.58095 0.669595 -0.240707 2.22
0.663893 1.57269 0.663893 -0.243866 2.23
0.65815 1.56432 0.65815 -0.247001 2.24
0.652367 1.55585 0.652367 -0.250112 2.25
0.646543 1.54727 0.646543 -0.253197 2.26
0.640679 1.53859 0.640679 -0.256257 2.27
0.634777 1.52981 0.634777 -0.259292 2.28
0.628835 1.52092 0.628835 -0.2623 2.29
0.622856 1.51193 0.622856 -0.265282 2.3
0.61684 1.50284 0.61684 -0.268238 2.31
0.610787 1.49364 0.610787 -0.271167 2.32
0.604698 1.48435 0.604698 -0.274069 2.33
0.598574 1.47496 0.598574 -0.276943 2.34
0.592414 1.46548 0.592414 -0.27979 2.35
0.586221 1.45589 0.586221 -0.282609 2.36
0.579993 1.44621 0.579993 -0.285399 2.37
0.573733 1.43644 0.573733 -0.288161 2.38
0.56744 1.42657 0.56744 -0.290894 2.39
0.561116 1.41661 0.561116 -0.293598 2.4
0.554761 1.40656 0.554761 -0.296273 2.41
0.548375 1.39641 0.548375 -0.298918 2.42
0.541959 1.38618 0.541959 -0.301533 2.43
0.535514 1.37586 0.535514 -0.304118 2.44
0.52904 1.36545 0.52904 -0.306673 2.45
0.522539 1.35496 0.522539 -0.309197 2.46
0.51601 1.34438 0.51601 -0.31169 2.47
0.509455 1.33371 0.509455 -0.314152 2.48
0.502874 1.32296 0.502874 -0.316582 2.49
0.496267 1.31213 0.496267 -0.318981 2.5
0.489636 1.30122 0.489636 -0.321348 2.51
0.482981 1.29023 0.482981 -0.323683 2.52
0.476303 1.27916 0.476303 -0.325985 2.53
0.469602 1.26801 0.469602 -0.328255 2.54
0.462879 1.25678 0.462879 -0.330492 2.55
0.456134 1.24548 0.456134 -0.332696 2.56
0.449369 1.2341 0.449369 -0.334866 2.57
0.442585 1.22265 0.442585 -0.337003 2.58
0.43578 1.21113 0.43578 -0.339107 2.59
0.428958 1.19954 0.428958 -0.341176 2.6
0.422117 1.18788 0.422117 -0.343212 2.61
0.415259 1.17615 0.415259 -0.345213 2.62
0.408385 1.16435 0.408385 -0.347179 2.63
0.401495 1.15248 0.401495 -0.349111 2.64
0.39459 1.14055 0.39459 -0.351008 2.65
0.38767 1.12855 0.38767 -0.35287 2.66
0.380736 1.1165 0.380736 -0.354697 2.67
0.37379 1.10438 0.37379 -0.356488 2.68
0.366831 1.0922 0.366831 -0.358243 2.69
0.35986 1.07996 0.35986 -0.359963 2.7
0.352879 1.06766 0.352879 -0.361646 2.71
0.345887 1.05531 0.345887 -0.363294 2.72
0.338885 1.0429 0.338885 -0.364905 2.73
0.331875 1.03043 0.331875 -0.366479 2.74
0.324856 1.01792 0.324856 -0.368017 2.75
0.31783 1.00535 0.31783 -0.369519 2.76
0.310797 0.992729 0.310797 -0.370983 2.77
0.303758 0.980061 0.303758 -0.37241 2.78
0.296714 0.967345 0.296714 -0.3738 2.79
0.289665 0.954582 0.289665 -0.375152 2.8
0.282612 0.941773 0.282612 -0.376467 2.81
0.275556 0.92892 0.275556 -0.377745 2.82
0.268497 0.916025 0.268497 -0.378984 2.83
0.261436 0.903088 0.261436 -0.380186 2.84
0.254375 0.89011 0.254375 -0.38135 2.85
0.247312 0.877093 0.247312 -0.382475 2.86
0.240251 0.864039 0.240251 -0.383563 2.87
0.23319 0.850949 0.23319 -0.384611 2.88
0.22613 0.837823 0.22613 -0.385622 2.89
0.219073 0.824663 0.219073 -0.386594 2.9
0.21202 0.811471 0.21202 -0.387527 2.91
0.20497 0.798248 0.20497 -0.388422 2.92
0.197924 0.784995 0.197924 -0.389277 2.93
0.190884 0.771714 0.190884 -0.390094 2.94
0.183849 0.758405 0.183849 -0.390872 2.95
0.176822 0.745071 0.176822 -0.39161 2.96
0.169801 0.731712 0.169801 -0.39231 2.97
0.162789 0.718329 0.162789 -0.39297 2.98
0.155785 0.704925 0.155785 -0.393591 2.99
0.148791 0.691501 0.148791 -0.394172 3
0.141807 0.678057 0.141807 -0.394715 3.01
0.134833 0.664596 0.134833 -0.395217 3.02
0.127872 0.651118 0.127872 -0.39568 3.03
0.120922 0.637625 0.120922 -0.396104 3.04
0.113985 0.624118 0.113985 -0.396488 3.05
0.107062 0.610599 0.107062 -0.396832 3.06
0.100153 0.597069 0.100153 -0.397137 3.07
0.0932595 0.583529 0.0932595 -0.397402 3.08
0.0863813 0.569981 0.0863813 -0.397627 3.09
0.0795195 0.556425 0.0795195 -0.397813 3.1
0.0726748 0.542864 0.0726748 -0.397958 3.11
0.0658478 0.529299 0.0658478 -0.398064 3.12
0.0590392 0.515731 0.0590392 -0.39813 3.13
0.5