-0.19883 0 0.19883 0.398157 0
-0.192043 0.0135699 0.192043 0.398137 0.01
-0.185238 0.0271384 0.185238 0.398077 0.02
-0.178414 0.0407041 0.178414 0.397978 0.03
-0.171572 0.0542659 0.171572 0.397839 0.04
-0.164713 0.0678221 0.164713 0.397659 0.05
-0.157837 0.0813716 0.157837 0.397441 0.06
-0.150946 0.094913 0.150946 0.397182 0.07
-0.144039 0.108445 0.144039 0.396884 0.08
-0.137118 0.121966 0.137118 0.396546 0.09
-0.130184 0.135475 0.130184 0.396168 0.1
-0.123236 0.14897 0.123236 0.395751 0.11
-0.116276 0.16245 0.116276 0.395294 0.12
-0.109305 0.175915 0.109305 0.394797 0.13
-0.102322 0.189361 0.102322 0.394261 0.14
-0.0953295 0.202789 0.0953295 0.393686 0.15
-0.0883272 0.216196 0.0883272 0.393071 0.16
-0.0813161 0.229582 0.0813161 0.392417 0.17
-0.0742969 0.242945 0.0742969 0.391724 0.18
-0.0672703 0.256283 0.0672703 0.390992 0.19
-0.0602369 0.269596 0.0602369 0.39022 0.2
-0.0531975 0.282882 0.0531975 0.38941 0.21
-0.0461528 0.296139 0.0461528 0.38856 0.22
-0.0391035 0.309367 0.0391035 0.387672 0.23
-0.0320502 0.322564 0.0320502 0.386745 0.24
-0.0249938 0.335729 0.0249938 0.385779 0.25
-0.0179349 0.34886 0.0179349 0.384775 0.26
-0.0108741 0.361957 0.0108741 0.383732 0.27
-0.00381229 0.375017 0.00381229 0.382651 0.28
0.00324991 0.388039 -0.00324991 0.381532 0.29
0.0103118 0.401023 -0.0103118 0.380374 0.3
0.0173726 0.413967 -0.0173726 0.379178 0.31
0.0244318 0.426869 -0.0244318 0.377945 0.32
0.0314884 0.439729 -0.0314884 0.376673 0.33
0.0385419 0.452545 -0.0385419 0.375364 0.34
0.0455916 0.465315 -0.0455916 0.374018 0.35
0.0526367 0.478039 -0.0526367 0.372634 0.36
0.0596766 0.490715 -0.0596766 0.371213 0.37
0.0667104 0.503342 -0.0667104 0.369754 0.38
0.0737376 0.515919 -0.0737376 0.368259 0.39
0.0807575 0.528444 -0.0807575 0.366727 0.4
0.0877692 0.540916 -0.0877692 0.365158 0.41
0.0947722 0.553334 -0.0947722 0.363553 0.42
0.101766 0.565697 -0.101766 0.361911 0.43
0.108749 0.578003 -0.108749 0.360233 0.44
0.115721 0.590252 -0.115721 0.358519 0.45
0.122682 0.602441 -0.122682 0.35677 0.46
0.129631 0.61457 -0.129631 0.354984 0.47
0.136567 0.626638 -0.136567 0.353163 0.48
0.143489 0.638643 -0.143489 0.351307 0.49
0.150396 0.650584 -0.150396 0.349416 0.5
0.157289 0.66246 -0.157289 0.347489 0.51
0.164166 0.67427 -0.164166 0.345528 0.52
0.171026 0.686013 -0.171026 0.343533 0.53
0.17787 0.697687 -0.17787 0.341503 0.54
0.184695 0.709291 -0.184695 0.339439 0.55
0.191502 0.720824 -0.191502 0.337341 0.56
0.19829 0.732285 -0.19829 0.335209 0.57
0.205058 0.743673 -0.205058 0.333043 0.58
0.211806 0.754986 -0.211806 0.330845 0.59
0.218532 0.766224 -0.218532 0.328613 0.6
0.225237 0.777386 -0.225237 0.326349 0.61
0.231919 0.788469 -0.231919 0.324051 0.62
0.238578 0.799474 -0.238578 0.321722 0.63
0.245213 0.810399 -0.245213 0.31936 0.64
0.251823 0.821243 -0.251823 0.316966 0.65
0.258409 0.832005 -0.258409 0.314541 0.66
0.264968 0.842683 -0.264968 0.312084 0.67
0.271501 0.853277 -0.271501 0.309596 0.68
0.278007 0.863786 -0.278007 0.307077 0.69
0.284485 0.874209 -0.284485 0.304527 0.7
0.290934 0.884544 -0.290934 0.301947 0.71
0.297355 0.89479 -0.297355 0.299337 0.72
0.303746 0.904947 -0.303746 0.296696 0.73
0.310106 0.915014 -0.310106 0.294026 0.74
0.316435 0.924989 -0.316435 0.291327 0.75
0.322733 0.934872 -0.322733 0.288599 0.76
0.328998 0.944661 -0.328998 0.285841 0.77
0.335231 0.954356 -0.335231 0.283055 0.78
0.34143 0.963955 -0.34143 0.280241 0.79
0.347595 0.973458 -0.347595 0.277399 0.8
0.353725 0.982864 -0.353725 0.274529 0.81
0.35982 0.992171 -0.35982 0.271631 0.82
0.365879 1.00138 -0.365879 0.268707 0.83
0.371901 1.01049 -0.371901 0.265755 0.84
0.377886 1.01949 -0.377886 0.262777 0.85
0.383833 1.0284 -0.383833 0.259773 0.86
0.389742 1.0372 -0.389742 0.256742 0.87
0.395612 1.0459 -0.395612 0.253686 0.88
0.401442 1.05449 -0.401442 0.250605 0.89
0.407232 1.06298 -0.407232 0.247498 0.9
0.412981 1.07136 -0.412981 0.244367 0.91
0.418689 1.07964 -0.418689 0.241212 0.92
0.424356 1.0878 -0.424356 0.238032 0.93
0.42998 1.09586 -0.42998 0.234828 0.94
0.43556 1.10381 -0.43556 0.231601 0.95
0.441098 1.11165 -0.441098 0.228351 0.96
0.446591 1.11938 -0.446591 0.225078 0.97
0.452039 1.12699 -0.452039 0.221782 0.98
0.457442 1.13449 -0.457442 0.218465 0.99
1.14046 1.14188 0.214856 0.215125 1
1.14772 1.14916 0.2115 0.211764 1.01
1.15487 1.15632 0.208122 0.208382 1.02
1.16191 1.16336 0.204723 0.204979 1.03
1.16883 1.17029 0.201303 0.201555 1.04
1.17563 1.1771 0.197864 0.198111 1.05
1.18231 1.18379 0.194405 0.194648 1.06
1.18888 1.19037 0.190926 0.191165 1.07
1.19533 1.19682 0.187428 0.187663 1.08
1.20166 1.20316 0.183912 0.184142 1.09
1.20786 1.20938 0.180377 0.180602 1.1
1.21395 1.21547 0.176824 0.177045 1.11
1.21992 1.22144 0.173253 0.17347 1.12
1.22576 1.22729 0.169665 0.169878 1.13
1.23148 1.23302 0.16606 0.166268 1.14
1.23708 1.23863 0.162439 0.162642 1.15
1.24256 1.24411 0.158801 0.159 1.16
1.24791 1.24947 0.155148 0.155342 1.17
1.25313 1.2547 0.151478 0.151668 1.18
1.25823 1.2598 0.147794 0.147979 1.19
1.2632 1.26478 0.144095 0.144275 1.2
1.26805 1.26964 0.140382 0.140557 1.21
1.27277 1.27437 0.136654 0.136825 1.22
1.27737 1.27896 0.132913 0.133079 1.23
1.28183 1.28344 0.129158 0.12932 1.24
1.28617 1.28778 0.125391 0.125548 1.25
1.29038 1.29199 0.121611 0.121763 1.26
1.29446 1.29608 0.117819 0.117966 1.27
1.29841 1.30004 0.114015 0.114158 1.28
1.30223 1.30386 0.1102 0.110338 1.29
1.30592 1.30756 0.106373 0.106507 1.3
1.30948 1.31112 0.102537 0.102665 1.31
1.31291 1.31455 0.0986894 0.0988128 1.32
1.31621 1.31786 0.0948323 0.0949509 1.33
1.31938 1.32103 0.0909658 0.0910795 1.34
1.32241 1.32406 0.0870901 0.0871991 1.35
1.32531 1.32697 0.0832058 0.0833098 1.36
1.32808 1.32974 0.0793131 0.0794123 1.37
1.33072 1.33238 0.0754125 0.0755068 1.38
1.33322 1.33489 0.0715044 0.0715938 1.39
1.33559 1.33726 0.0675891 0.0676736 1.4
1.33783 1.3395 0.063667 0.0637467 1.41
1.33993 1.34161 0.0597386 0.0598133 1.42
1.3419 1.34358 0.0558042 0.055874 1.43
1.34374 1.34542 0.0518642 0.0519291 1.44
1.34544 1.34712 0.0479191 0.047979 1.45
1.347 1.34869 0.0439691 0.0440241 1.46
1.34843 1.35012 0.0400148 0.0400648 1.47
1.34973 1.35142 0.0360564 0.0361015 1.48
1.35089 1.35258 0.0320945 0.0321346 1.49
1.35192 1.35361 0.0281293 0.0281645 1.5
1.35281 1.3545 0.0241614 0.0241916 1.51
1.35356 1.35526 0.020191 0.0202162 1.52
1.35419 1.35588 0.0162186 0.0162388 1.53
1.35467 1.35636 0.0122445 0.0122598 1.54
1.35502 1.35671 0.00826926 0.00827961 1.55
1.35523 1.35693 0.00429318 0.00429855 1.56
1.35531 1.35701 0.000316667 0.000317063 1.57
1.35526 1.35695 -0.00365988 -0.00366446 1.58
1.35506 1.35676 -0.00763606 -0.00764561 1.59
1.35473 1.35643 -0.0116115 -0.011626 1.6
1.35427 1.35597 -0.0155857 -0.0156052 1.61
1.35367 1.35537 -0.0195584 -0.0195829 1.62
1.35294 1.35463 -0.0235292 -0.0235586 1.63
1.35207 1.35376 -0.0274975 -0.0275319 1.64
1.35106 1.35275 -0.0314632 -0.0315025 1.65
1.34992 1.35161 -0.0354257 -0.03547 1.66
1.34865 1.35034 -0.0393846 -0.0394339 1.67
1.34724 1.34892 -0.0433396 -0.0433938 1.68
1.3457 1.34738 -0.0472903 -0.0473495 1.69
1.34402 1.3457 -0.0512363 -0.0513003 1.7
1.3422 1.34388 -0.0551771 -0.0552461 1.71
1.34026 1.34193 -0.0591124 -0.0591863 1.72
1.33817 1.33985 -0.0630418 -0.0631206 1.73
1.33596 1.33763 -0.0669649 -0.0670486 1.74
1.33361 1.33528 -0.0708813 -0.0709699 1.75
1.33113 1.33279 -0.0747906 -0.0748841 1.76
1.32851 1.33017 -0.0786924 -0.0787908 1.77
1.32576 1.32742 -0.0825864 -0.0826896 1.78
1.32288 1.32454 -0.0864721 -0.0865802 1.79
1.31987 1.32152 -0.0903491 -0.0904621 1.8
1.31672 1.31837 -0.0942171 -0.094335 1.81
1.31345 1.31509 -0.0980757 -0.0981984 1.82
1.31004 1.31168 -0.101925 -0.102052 1.83
1.3065 1.30813 -0.105763 -0.105895 1.84
1.30283 1.30446 -0.109591 -0.109728 1.85
1.29903 1.30065 -0.113408 -0.11355 1.86
1.2951 1.29672 -0.117214 -0.117361 1.87
1.29104 1.29265 -0.121008 -0.121159 1.88
1.28685 1.28846 -0.12479 -0.124946 1.89
1.28253 1.28414 -0.128559 -0.12872 1.9
1.27809 1.27969 -0.132316 -0.132481 1.91
1.27351 1.27511 -0.136059 -0.136229 1.92
1.26881 1.2704 -0.139789 -0.139964 1.93
1.26399 1.26557 -0.143505 -0.143684 1.94
1.25903 1.26061 -0.147206 -0.14739 1.95
1.25395 1.25552 -0.150893 -0.151081 1.96
1.24875 1.25031 -0.154564 -0.154758 1.97
1.24342 1.24497 -0.15822 -0.158418 1.98
1.23796 1.23951 -0.161861 -0.162063 1.99
1.23238 1.23392 -0.165485 -0.165692 2
1.22668 1.22822 -0.169092 -0.169304 2.01
1.22086 1.22238 -0.172683 -0.172899 2.02
1.21491 1.21643 -0.176256 -0.176477 2.03
1.20884 1.21035 -0.179812 -0.180037 2.04
1.20265 1.20416 -0.18335 -0.183579 2.05
1.19634 1.19784 -0.186869 -0.187103 2.06
1.18992 1.1914 -0.19037 -0.190608 2.07
1.18337 1.18485 -0.193852 -0.194094 2.08
1.1767 1.17817 -0.197314 -0.197561 2.09
1.16992 1.17138 -0.200757 -0.201008 2.1
1.16302 1.16447 -0.204179 -0.204435 2.11
1.156 1.15745 -0.207582 -0.207841 2.12
1.14887 1.15031 -0.210963 -0.211227 2.13
0.463649 1.14305 0.463649 -0.214591 2.14
0.458299 1.13568 0.458299 -0.217934 2.15
0.452903 1.12819 0.452903 -0.221256 2.16
0.447461 1.1206 0.447461 -0.224555 2.17
0.441975 1.11289 0.441975 -0.227831 2.18
0.436445 1.10507 0.436445 -0.231085 2.19
0.430871 1.09714 0.430871 -0.234316 2.2
0.425254 1.0891 0.425254 -0.237523 2.21
0.419595 1.08095 0.419595 -0.240707 2.22
0.413893 1.07269 0.413893 -0.243866 2.23
0.40815 1.06432 0.40815 -0.247001 2.24
0.402367 1.05585 0.402367 -0.250112 2.25
0.396543 1.04727 0.396543 -0.253197 2.26
0.390679 1.03859 0.390679 -0.256257 2.27
0.384777 1.02981 0.384777 -0.259292 2.28
0.378835 1.02092 0.378835 -0.2623 2.29
0.372856 1.01193 0.372856 -0.265282 2.3
0.36684 1.00284 0.36684 -0.268238 2.31
0.360787 0.993644 0.360787 -0.271167 2.32
0.354698 0.984352 0.354698 -0.274069 2.33
0.348574 0.974963 0.348574 -0.276943 2.34
0.342414 0.965475 0.342414 -0.27979 2.35
0.336221 0.955891 0.336221 -0.282609 2.36
0.329993 0.946212 0.329993 -0.285399 2.37
0.323733 0.936437 0.323733 -0.288161 2.38
0.31744 0.92657 0.31744 -0.290894 2.39
0.311116 0.916609 0.311116 -0.293598 2.4
0.304761 0.906557 0.304761 -0.296273 2.41
0.298375 0.896414 0.298375 -0.298918 2.42
0.291959 0.886182 0.291959 -0.301533 2.43
0.285514 0.875861 0.285514 -0.304118 2.44
0.27904 0.865452 0.27904 -0.306673 2.45
0.272539 0.854957 0.272539 -0.309197 2.46
0.26601 0.844376 0.26601 -0.31169 2.47
0.259455 0.833711 0.259455 -0.314152 2.48
0.252874 0.822962 0.252874 -0.316582 2.49
0.246267 0.812132 0.246267 -0.318981 2.5
0.239636 0.80122 0.239636 -0.321348 2.51
0.232981 0.790227 0.232981 -0.323683 2.52
0.226303 0.779156 0.226303 -0.325985 2.53
0.219602 0.768007 0.219602 -0.328255 2.54
0.212879 0.756781 0.212879 -0.330492 2.55
0.206134 0.74548 0.206134 -0.332696 2.56
0.199369 0.734104 0.199369 -0.334866 2.57
0.192585 0.722654 0.192585 -0.337003 2.58
0.18578 0.711132 0.18578 -0.339107 2.59
0.178958 0.69954 0.178958 -0.341176 2.6
0.172117 0.687877 0.172117 -0.343212 2.61
0.165259 0.676145 0.165259 -0.345213 2.62
0.158385 0.664346 0.158385 -0.347179 2.63
0.151495 0.65248 0.151495 -0.349111 2.64
0.14459 0.640549 0.14459 -0.351008 2.65
0.13767 0.628554 0.13767 -0.35287 2.66
0.130736 0.616496 0.130736 -0.354697 2.67
0.12379 0.604377 0.12379 -0.356488 2.68
0.116831 0.592197 0.116831 -0.358243 2.69
0.10986 0.579958 0.10986 -0.359963 2.7
0.102879 0.567661 0.102879 -0.361646 2.71
0.0958867 0.555307 0.0958867 -0.363294 2.72
0.0888852 0.542898 0.0888852 -0.364905 2.73
0.0818747 0.530434 0.0818747 -0.366479 2.74
0.0748562 0.517917 0.0748562 -0.368017 2.75
0.0678301 0.505349 0.0678301 -0.369519 2.76
0.0607972 0.492729 0.0607972 -0.370983 2.77
0.0537583 0.480061 0.0537583 -0.37241 2.78
0.046714 0.467345 0.046714 -0.3738 2.79
0.039665 0.454582 0.039665 -0.375152 2.8
0.032612 0.441773 0.032612 -0.376467 2.81
0.0255558 0.42892 0.0255558 -0.377745 2.82
0.018497 0.416025 0.018497 -0.378984 2.83
0.0114364 0.403088 0.0114364 -0.380186 2.84
0.00437467 0.39011 0.00437467 -0.38135 2.85
-0.00268753 0.377093 -0.00268753 -0.382475 2.86
-0.00974947 0.364039 -0.00974947 -0.383563 2.87
-0.0168104 0.350949 -0.0168104 -0.384611 2.88
-0.0238697 0.337823 -0.0238697 -0.385622 2.89
-0.0309266 0.324663 -0.0309266 -0.386594 2.9
-0.0379804 0.311471 -0.0379804 -0.387527 2.91
-0.0450304 0.298248 -0.0450304 -0.388422 2.92
-0.0520759 0.284995 -0.0520759 -0.389277 2.93
-0.0591162 0.271714 -0.0591162 -0.390094 2.94
-0.0661505 0.258405 -0.0661505 -0.390872 2.95
-0.0731783 0.245071 -0.0731783 -0.39161 2.96
-0.0801987 0.231712 -0.0801987 -0.39231 2.97
-0.0872112 0.218329 -0.0872112 -0.39297 2.98
-0.0942149 0.204925 -0.0942149 -0.393591 2.99
-0.101209 0.191501 -0.101209 -0.394172 3
-0.108193 0.178057 -0.108193 -0.394715 3.01
-0.115167 0.164596 -0.115167 -0.395217 3.02
-0.122128 0.151118 -0.122128 -0.39568 3.03
-0.129078 0.137625 -0.129078 -0.396104 3.04
-0.136015 0.124118 -0.136015 -0.396488 3.05
-0.142938 0.110599 -0.142938 -0.396832 3.06
-0.149847 0.0970688 -0.149847 -0.397137 3.07
-0.156741 0.0835289 -0.156741 -0.397402 3.08
-0.163619 0.0699806 -0.163619 -0.397627 3.09
-0.17048 0.0564253 -0.17048 -0.397813 3.1
-0.177325 0.0428644 -0.177325 -0.397958 3.11
-0.184152 0.0292991 -0.184152 -0.398064 3.12
-0.190961 0.015731 -0.190961 -0.39813 3.13
0.5